[[ 1.  0.  0.  0.  0.  0.  0.  0.  0.  0.  0.  0.  0.  0.  0.  0.  0.  0.  0.  0.  0.  0.] 0
 [-1.  1.  0.  0.  0.  0.  0.  0.  0.  0.  0.  0.  0.  0.  0.  0.  0.  0.  0.  0.  0.  0.] 1
 [ 0. -1.  1.  0.  0.  0.  0.  0.  0.  0.  0.  0.  0.  0.  0.  0.  0.  0.  0.  0.  0.  0.] 2
 [ 0.  0. -1.  1.  0.  0.  0.  0.  0.  0.  0.  0.  0.  0.  0.  0.  0.  0.  0.  0.  0.  0.] 3
 [ 0.  0.  0. -1.  1.  0.  0.  0.  0.  0.  0.  0.  0.  0.  0.  0.  0.  0.  0.  0.  0.  0.] 4
 [ 0.  0.  0.  0. -1.  1.  0.  0.  0.  0.  0.  0.  0.  0.  0.  0.  0.  0.  0.  0.  0.  0.] 5  
 [ 0.  0.  0.  0. -1.  0.  1.  0.  0.  0.  0.  0.  0.  0.  0.  0.  0.  0.  0.  0.  0.  0.] 6 (bon nom)//
 [ 0.  0.  0.  0.  0. -1.  1.  0.  0.  0.  0.  0.  0.  0.  0.  0.  0.  0.  0.  0.  0.  0.] 7 (bon nom) [5->6]
 [ 0.  0.  0.  0.  0.  0.  0.  1.  0.  0.  0.  0.  0.  0.  0.  0.  0.  0.  0.  0.  0.  0.] 8
 [ 0.  0.  0.  0.  0.  1.  0. -1.  0.  0.  0.  0.  0.  0.  0.  0.  0.  0.  0.  0.  0.  0.] 9
 [ 0.  0.  0.  0.  0.  0.  1.  0.  0.  0.  0.  0.  0.  0.  0.  0.  0.  0.  0.  0.  0.  0.] 10
 [ 0.  0.  0.  0.  0.  0.  1.  0.  0.  0.  0.  0.  0.  0.  0.  0.  0.  0.  0.  0.  0.  0.] 11
 [ 0.  0.  0.  0.  0.  0.  0.  0.  0.  0.  0.  0.  1.  0.  0.  0.  0.  0.  0.  0.  0.  0.] 12 (0')
 [ 0.  0.  0.  0.  0.  0.  0.  0.  0.  0.  0.  0. -1.  1.  0.  0.  0.  0.  0.  0.  0.  0.] 13 (1')
 [ 0.  0.  0.  0.  0.  0.  0.  0.  0.  0.  0.  0.  0. -1.  1.  0.  0.  0.  0.  0.  0.  0.] 14 (2')
 [ 0.  0.  0.  0.  0.  0.  0.  0.  0.  0.  0.  0.  0.  0. -1.  1.  0.  0.  0.  0.  0.  0.] 15 (3')
 [ 0.  0.  0.  0.  0.  0.  0.  0.  0.  0.  0.  0.  0.  0.  0. -1.  1.  0.  0.  0.  0.  0.] 16 (4')
 [ 0.  0.  0.  0.  0.  0.  0.  0.  0.  0.  0.  0.  0.  0.  0.  0.  0.  1.  0.  0.  0.  0.] 17 (0'')
 [ 0.  0.  0.  0.  0.  0.  0.  0.  0.  0.  0.  0.  0.  0.  0.  0.  0. -1.  1.  0.  0.  0.] 18 (1'')
 [ 0.  0.  0.  0.  0.  0.  0.  0.  0.  0.  0.  0.  0.  0.  0.  0.  0.  0. -1.  1.  0.  0.] 19 (2'')
 [ 0.  0.  0.  0.  0.  0.  0.  0.  0.  0.  0.  0.  0.  0.  0.  0.  0.  0.  0. -1.  1.  0.] 20 (3'')
 [ 0.  0.  0.  0.  0.  0.  0.  0.  0.  0.  0.  0.  0.  0.  0.  0.  0.  0.  0.  0. -1.  1.] 21 (4'')
 [ 0.  0.  0.  0.  0.  1.  0.  0.  0.  0.  0.  0.  0.  0.  0.  0. -1.  0.  0.  0.  0.  0.] 22 (5')
 [ 0.  0.  0.  0.  0.  1.  0.  0.  0.  0.  0.  0.  0.  0.  0.  0.  0.  0.  0.  0.  0. -1.] 23 (5'')
 [ 0.  0.  0.  0.  0.  0.  1.  0.  0.  0.  0.  0.  0.  0.  0.  0. -1.  0.  0.  0.  0.  0.] 24 (6')
 [ 0.  0.  0.  0.  0.  0.  1.  0.  0.  0.  0.  0.  0.  0.  0.  0.  0.  0.  0.  0.  0. -1.] 25 (6'')
 [ 0.  0.  0.  0. -1.  0.  0.  0.  0.  0.  0.  0.  0.  0.  0.  0.  1.  0.  0.  0.  0.  0.] 26 (12)
 [ 0.  0.  0.  0.  0.  0.  0.  0.  0.  0.  0.  0.  0.  0.  0.  0. -1.  0.  0.  0.  0.  1.] 27 (12')
 [ 0.  0.  0.  0.  1.  0.  0.  0.  0.  0.  0.  0.  0.  0.  0.  0.  0.  0.  0.  0.  0. -1.]]28 (12'')
   0   1   2   3   4   5   6   7   8   9   10  11  12  13  14  15  16  17  18  19  20  21
 
 L29
 C22
